<<<<<<< HEAD
=======
<<<<<<< HEAD
32
841
821
560
450
423
549
578
618
64
1407
1226
1358
1334
1022
860
955
1207
128
4525
4633
5052
3849
4348
4535
4255
4287
256
21020
18803
18872
18801
19487
18530
18510
18714
512
92607
91138
87276
84383
83917
82444
85141
83980
1024
677885
617353
624649
621947
669698
746013
723314
689046
2048
8298597
9384629
10596938
10469276
9173767
9133188
8955118
9064994
=======
>>>>>>> 2612992a5fe59cd80a8edfa71e7fef411f8366a8
128
4266
4510
4310
4263
3800
3486
3599
4565
256
26955
19648
24988
22412
23470
20619
22747
18791
512
107170
101403
126894
129243
100996
97098
91539
104505
1024
839068
1503631
1917360
1086074
1186660
1096607
1809882
1013718
128
6349
4613
4497
4956
3525
4952
4953
5176
256
27411
29361
29492
27254
34120
31966
36195
29386
512
189645
239870
184930
184787
182684
168305
151508
172849
1024
1465522
1592239
1981294
1947095
2452185
2702877
2263400
2902786
128
39446
31822
23511
20231
26943
32759
24221
18379
256
64381
62032
53634
49868
42305
44653
76979
51255
512
285507
267166
246267
261906
271151
311510
406758
336537
1024
3568825
3293368
3489035
3179015
2924800
3845527
2940638
3008633
<<<<<<< HEAD
=======
>>>>>>> b3af85596e845a2b23b5011a06bbd6b6bdb739b0
>>>>>>> 2612992a5fe59cd80a8edfa71e7fef411f8366a8
